27 636
1731 579
2903 210
613 1786
270 2024
2819 192
300 772
2082 1540
2146 724
1650 2211
2131 809
962 1158
1923 1346
1837 1561
2721 1331
2497 1581
1616 1144
314 437
790 1755
2674 1624
345 146
876 512
338 1952
2405 588
1669 1866
1422 956
1754 1183
1934 101
2152 243
769 2370
2855 2284
2939 440
2401 1265
1610 1585
556 1462
664 1662
481 1708
262 664
416 571
1462 2676
934 108
144 798
2128 865
2603 2784
1359 1562
2959 346
696 127
2864 2727
2890 1963
2258 2190
400 378
2958 1228
492 366
1537 1890
2059 2891
2420 585
2225 1751
1527 933
887 425
14 312
2054 1861
854 1759
1733 1902
652 1259
954 917
2021 1867
1275 2679
1181 1959
766 1572
2843 1910
351 2380
5 1043
2286 89
2659 1610
911 1856
36 2822
101 2825
2719 1101
1485 1734
285 2329
63 2656
2018 609
1539 540
2104 2464
2446 1440
1456 302
398 2907
1801 1364
1569 1507
2000 2683
1427 1906
1727 2893
1623 1070
935 526
358 327
267 2612
1419 1832
1295 2849
2545 2084
2339 2697
2068 1574
440 615
1158 140
2071 2450
933 628
2643 2486
1220 1453
2144 692
318 571
144 2971
2926 1719
719 2067
2525 1124
874 2135
2388 2586
564 681
436 2106
2651 1684
1121 280
2195 87
294 2794
2599 241
2047 486
2631 1283
2133 659
2224 1504
2198 1945
1979 1207
1987 2722
1288 1998
1533 1508
442 986
385 2016
1991 337
2827 2994
703 502
2350 1150
150 356
2353 240
2770 866
2945 1243
912 1782
1060 1347
1467 638
1312 1338
951 745
2277 2137
2349 229
1474 56
103 1
1285 2976
1257 2028
414 452
1964 2066
893 625
1637 2179
53 2554
2499 2323
2050 992
1570 1007
784 2393
598 1079
928 261
1972 1495
3 1136
2865 1941
2405 2906
2231 2045
2697 156
1539 723
663 484
2553 1685
962 779
2167 2128
630 311
2790 1174
636 477
186 1900
418 1885
1134 1557
1184 213
1763 2611
2761 1634
81 953
730 2152
706 2678
2955 110
2807 2013
2041 1310
2391 1507
1357 2248
2816 1175
732 970
1582 1336
1461 81
522 215
176 1077
2790 2392
1810 1673
510 942
2385 1630
1948 2224
1759 1902
675 2923
857 2431
152 2371
238 802
2820 1766
1091 1476
2229 360
1902 803
2896 714
258 1672
2901 2588
1909 2725
2285 2233
1551 2518
560 721
2447 99
1386 2495
1114 613
1747 2403
1850 141
1130 2152
1646 2565
1078 300
1015 1375
1673 1211
1460 314
1610 54
115 519
95 2152
2569 2142
298 1016
947 2690
766 1361
2108 2728
2112 1410
1866 2871
1744 2576
1040 531
205 1912
1967 490
293 9
567 512
236 2621
495 1263
2274 2474
1696 2014
406 1027
2373 1699
2475 1655
1228 1161
211 2391
2450 1373
1963 2577
2743 978
884 490
2700 926
2688 1741
1554 914
1111 1681
2978 1743
2532 120
1066 2498
1574 2137
2444 1149
1486 1089
1235 2439
2516 1961
1769 2439
2399 1440
2336 1759
1013 2954
543 715
2119 1810
1248 147
2325 2284
2920 1887
2756 663
1294 268
113 790
271 1142
1556 1220
214 1082
2600 62
938 1355
555 55
1478 2227
2388 278
856 2069
1769 866
2918 346
1177 237
513 1088
2899 1145
321 2579
1530 963
2777 1363
1730 2567
2626 2403
2440 1876
834 287
2391 719
1820 623
2887 707
91 1910
550 259
937 1622
2320 2032
343 882
227 841
2652 2357
1913 1984
2638 958
1099 2324
2948 322
967 2161
1092 1188
1377 825
741 665
1628 2272
1409 124
36 154
2222 592
690 497
1771 827
2022 193
1833 272
1732 946
2596 2811
2409 2171
2034 68
1249 212
2499 1246
771 2494
2184 1392
1960 35
242 1195
1205 958
2558 91
1904 991
609 144
1646 1252
79 2794
2340 350
993 2374
1214 2614
434 1871
1045 2624
2311 1105
240 2267
91 2836
832 549
1178 2973
300 113
2632 591
1068 1275
2328 738
2314 2927
63 2052
1738 601
486 2042
2490 1138
1486 1138
657 2875
809 191
2603 2241
2161 2036
940 807
1515 817
1339 1108
2483 1845
1718 264
2831 1445
725 157
1751 1129
1002 2132
1869 752
297 2367
2142 1567
1821 964
2672 2715
2271 1212
2873 1153
2159 1526
1994 2183
2262 1927
1836 923
2010 427
1130 2898
1179 2413
2288 2296
1186 1720
1113 2103
2474 452
2170 2127
1927 2568
859 763
2899 470
2204 2183
762 292
2784 2886
48 538
1126 382
1851 165
31 1473
1651 1215
2597 2195
925 2576
2274 1192
208 1505
2628 1957
2398 107
1389 2248
1961 467
2702 2980
1960 1999
1942 2654
1913 2399
2165 1549
670 2532
2160 1641
769 1623
2489 2506
2792 1564
756 1714
734 199
1435 2959
1529 940
2564 2862
1792 734
1866 1513
1524 2807
292 731
2371 2039
2857 251
1884 2936
421 1731
5 1303
2169 4
2414 2806
1881 1612
770 2340
76 1324
1438 1812
2424 1699
2581 2107
2546 2771
708 1116
2500 1240
859 948
1253 2628
1954 1248
503 626
2804 1686
890 327
2266 968
262 547
432 19
2827 1227
2569 1919
2832 2321
1444 291
1635 871
938 1456
1702 2862
1656 1494
1845 2225
217 1933
754 958
453 1916
2516 1422
1546 1069
1113 14
188 2783
1807 140
229 1083
149 1487
2798 179
2011 2055
2352 1866
2104 1651
872 186
120 2050
920 794
2218 2236
575 99
2300 2732
1025 1848
2790 469
224 1435
2781 2912
2454 2304
1991 1106
651 75
2981 1454
2249 201
2972 2576
628 2952
1325 683
866 1468
2009 2816
2227 1558
21 2009
792 1871
2412 1842
1102 227
285 163
1420 1913
164 583
357 2362
1013 1506
1141 1728
2415 663
2649 690
1652 1318
2493 2181
1518 578
2236 239
2263 466
386 1745
1677 1486
2478 88
1116 74
2137 2296
2547 25
644 608
588 329
1390 2954
1762 2990
2387 1213
1173 2071
666 1680
1244 958
2230 1332
123 2718
238 332
415 2317
416 45
1759 2839
2824 10
753 1183
86 2837
1159 2654
2739 2234
2684 1517
1937 2024
1926 2127
614 2482
2752 2513
1144 488
733 606
2206 423
839 177
2621 69
2941 487
1131 783
1326 1473
2439 254
1201 2559
218 1713
2322 602
2868 2695
2185 1954
520 393
449 2075
778 1401
25 2063
2259 2052
1129 2195
1810 2373
1631 2509
580 1992
2358 2354
381 2272
385 181
2206 2987
1469 2057
759 2533
200 2437
1118 2292
2672 1187
2948 356
1866 2842
2707 1847
322 1057
2312 1113
285 2262
1147 241
2420 1231
1209 1407
2059 2763
2248 2482
2134 1839
492 828
28 2431
1799 1072
2158 2375
107 2251
2317 2031
1045 352
1563 1344
1961 1156
2086 1574
2841 1231
210 2934
509 2349
2879 2477
159 2331
2029 1577
343 1399
1685 1996
1675 2858
2345 1170
1651 649
2756 1547
2743 1923
768 1734
1983 914
624 1174
63 962
2859 43
515 789
405 1496
104 2009
1759 2918
704 964
928 287
655 1733
2545 1530
656 2008
2256 185
1792 2026
1449 859
1586 2326
672 2729
144 2478
1681 197
2662 1292
652 1927
1605 287
1913 675
724 231
2439 2982
768 614
154 195
1949 1217
254 1596
660 749
2427 2573
1693 1870
2429 1133
1709 594
2282 860
1356 1842
1037 996
1718 1436
2815 779
1555 2907
2017 2974
2486 1431
2475 2704
2155 211
2594 2796
2826 2896
2429 834
92 559
487 2506
2394 635
2950 1731
2595 2465
1505 199
2631 917
665 825
682 524
505 2224
2992 1661
2200 2296
1619 2792
364 257
316 1051
1573 2740
66 2984
1142 1513
1932 146
1663 1147
1970 1369
2124 2541
152 1704
1195 287
1995 2318
57 580
531 1576
1069 2470
306 2255
796 35
1164 130
1616 2075
1899 1686
2622 2775
232 2859
2310 1768
1344 1157
1642 1947
1369 836
1995 1575
2263 2177
596 2647
593 2877
2455 2955
2884 100
813 1605
1487 2905
1916 1637
1365 1308
305 1441
1555 1215
13 269
1601 2178
2548 626
884 1713
2686 2663
885 1752
2787 2244
2924 28
1243 1137
726 504
117 1834
2418 1329
2015 707
1294 1202
2439 137
1732 1087
1679 2681
2495 553
425 1400
463 1732
1597 1677
2318 885
1385 2738
914 2876
758 2950
329 2495
1826 536
1573 2583
1007 1868
1426 682
1650 100
2822 690
808 2645
871 666
2537 2007
917 1348
1043 2076
1684 3
2823 1011
452 503
1414 2155
2620 854
2217 470
1259 2793
802 1808
2501 1208
1438 63
766 279
1642 1314
572 1142
2987 2250
1317 2219
2166 883
1770 158
931 1907
2724 2881
2359 2029
546 1564
2541 1276
1530 351
227 2288
865 2563
1453 702
635 2377
972 156
2029 2207
1883 865
1659 2237
2789 2804
96 2392
990 2663
1477 1162
2419 248
989 320
2253 1978
2387 1119
1224 1177
330 1737
1947 2069
2119 3000
2405 1952
1775 109
607 52
495 2496
2801 822
1224 1642
501 2744
227 2308
1756 1264
1839 2316
1467 2624
165 2087
1680 2557
954 2808
888 2105
429 2096
2068 472
47 1651
847 2654
1104 2187
2396 226
855 479
2283 927
666 2250
2387 846
1482 539
128 2551
2814 1075
2726 73
1610 2237
2129 1268
2142 1005
2016 1104
165 858
2122 2956
1540 164
1361 1874
716 1026
1573 647
1002 2378
919 406
2104 1832
1799 1388
472 223
1865 1132
846 1451
2105 2418
513 2592
2472 1882
1207 1851
2870 1781
1150 2532
1591 1117
1806 941
271 2345
1386 34
2269 2623
1350 1134
250 2190
2379 1127
513 2238
154 606
658 415
327 246
2408 2239
1342 2843
2465 1280
2218 399
1863 2964
2856 1593
355 1860
509 1456
1328 2845
2423 1535
487 359
2123 107
1913 1813
2433 2238
288 2315
2374 2166
35 2397
2611 1060
1107 2878
1984 2820
2544 1231
538 1960
1089 1287
868 2304
2799 116
456 784
1694 1272
2159 2108
2467 2260
752 1324
382 1709
591 1934
280 128
2135 1748
282 1563
2049 505
1394 1908
10 2375
2715 194
2497 378
2023 1513
411 2991
1534 1317
2237 1727
1936 1156
627 703
178 2558
2672 192
541 327
774 722
1264 1532
2133 584
1063 1732
184 141
1762 840
1710 2372
554 1414
1999 1531
1080 1399
2377 1530
2082 495
836 1614
2024 2975
808 1271
2284 495
607 2553
1553 903
1547 1122
1933 1489
476 1517
518 1161
1167 2939
1201 2949
2735 1992
1362 1451
1607 216
924 2693
905 308
2019 1431
2233 480
2686 722
1252 2134
1701 2341
2533 1352
2552 2286
1120 1596
1231 1859
1963 946
1840 1418
198 1300
2541 138
2894 1865
2618 2288
493 487
554 1213
2580 466
2347 1489
516 988
1807 2202
2382 2461
2878 2024
2228 1375
2054 1711
1891 277
1282 112
2623 1879
239 157
2871 496
478 1879
2329 813
2518 202
2010 862
2486 2137
240 2220
1267 477
1342 1476
1112 781
2807 1921
2063 2502
1734 1335
1912 2228
2675 92
537 2074
847 671
2292 1208
2772 2748
189 1809
2553 1093
1149 134
1825 131
2244 1222
15 1667
976 1
997 814
2174 710
257 81
1315 2045
221 647
410 831
574 2264
593 1265
366 1229
2737 2014
616 44
1979 1933
1989 1995
584 41
721 945
1898 2322
2726 2868
1406 2205
1613 827
573 1500
2210 2592
1005 2625
742 2083
1353 2598
1299 442
2247 988
1565 1240
995 948
2574 2109
